Hora del dia,Casa 1,Casa 2,Casa 3,Casa 4,Casa 5,Casa 6,Casa 7,Casa 8,Casa 9,Casa 10,Casa 11,Casa 12,Casa 13,Casa 14,Casa 15,Casa 16,Casa 17,Casa 18,Casa 19
0,151.05,91.049,59.746,104.767,216.036,61.663,148.574,383.53,336.263,108.16,73.843,166.681,98.85,172.37,161.448,82.121,204.07,249.834,86.413
1,107.8,75.229,56.477,80.125,162.934,74.928,123.178,423.633,329.141,80.185,68.543,137.127,64.284,153.33,136.673,53.417,126.044,128.024,80.841
2,96.896,43.358,48.314,86.495,116.235,51.144,91.821,436.745,316.528,94.924,70.893,105.206,52.229,141.902,120.292,36.457,112.15,132.448,93.349
3,78.295,42.465,60.009,95.575,94.192,102.471,94.968,443.579,326.096,67.487,72.731,109.589,56.921,138.12,118.288,61.642,97.259,264.46,87.619
4,296.122,62.754,61.22,126.745,92.419,183.573,112.202,272.468,332.516,306.512,127.517,93.964,331.775,152.637,109.614,132.669,86.105,160.905,90.381
5,146.954,300.018,78.066,227.324,142.61,221.82,100.103,1354.501,438.838,194.25,103.116,88.152,781.249,198.363,111.142,66.09,128.41,171.549,105.587
6,118.021,569.526,139.253,15.196,130.951,510.591,143.84,529.686,764.718,243.114,76.617,100.539,325.185,229.825,163.56,371.911,196.774,329.831,153
7,242.807,517.331,141.446,205.933,159.803,397.816,123.774,634.589,878.941,278.956,70.368,104.275,326.928,221.844,217.901,487.338,187.96,609.004,197.143
8,248.155,125.115,84.3,293.086,205.828,626.334,193.382,665.804,373.688,170.031,71.196,98.902,113.47,294.243,265.125,204.505,233.349,683.224,188.857
9,303.236,74.8,73.942,315.049,196.132,135.696,259.457,376.973,677.144,289.869,68.353,105.428,185.664,237.729,263.249,145.602,282.108,924.754,119.27
10,353.082,61.426,60.696,230.242,230.019,375.75,202.782,394.083,401.088,181.595,83.606,121.515,298.227,274.512,263.299,269.88,257.943,1046.36,123.556
11,270.451,77.609,62.023,213.158,205.471,413.677,168.174,216.078,403.352,228.007,104.178,124.71,306.295,212.534,235.961,210.641,298.721,341.513,208.698
12,567.712,60.415,70.285,288.453,203.027,317.8,231.412,353.515,450.812,158.466,93.626,138.663,154.764,277.863,283.947,70.871,203.279,622.18,184.238
13,511.245,78.205,71.652,304.982,195.092,152.557,165.029,291.417,538.238,199.666,81.981,175.079,133.545,232.43,280.846,100.117,258.942,386.398,162
14,305.718,105.545,72.523,285.804,233.402,113.143,161.074,360.136,423.648,218.505,85.735,152.948,376.866,256.371,254.669,150.953,218.694,242.358,140.349
15,381.868,113.839,74.476,297.578,295.714,240.694,120.495,197.875,403.358,209.054,126,147.563,270.248,242.773,234.775,138.541,209.461,214.27,181.714
16,356.27,172.677,103.158,330.486,280.579,361.58,123.303,170.402,370.272,199.944,100.329,150.557,199.826,243.72,250.088,153.818,215.409,130.965,191.825
17,326.489,213.505,118.944,457.968,203.653,223.882,181.417,178.029,456.558,211.867,146.783,164.242,239.967,222.183,261.471,202.415,263.846,298.572,181.54
18,454.88,237.968,178.141,482.09,215.627,346.201,295.304,182.411,937.401,231.457,104.829,273.794,291.038,222.477,318.506,264.51,224.942,382.495,260.127
19,460.142,239.35,191.575,412.558,228.608,251.927,389.374,262.434,973.638,298.443,104.878,280.669,279.884,291.736,370.844,286.022,221.233,498.676,227.048
20,359.841,227.46,165.793,403.344,234.03,195.276,315.336,318.944,858.577,319.362,95.556,300.518,297.209,298.416,347.985,282.358,216.946,347.804,216.54
21,251.129,224.359,116.259,443.441,229.469,207.08,331.358,299.726,809.544,289.126,103.562,309.563,346.132,409.253,320.28,226.138,249.297,266.841,229.111
22,196.425,226.92,65.348,325.431,275.667,177.966,203.815,248.319,611.621,248.729,109.089,287.246,283.125,396.049,272.708,131.595,264.617,250.732,100.524
23,142.584,154.43,57.942,164.261,250.124,91.155,159.769,198.275,371.216,182.534,107.555,228.695,190.201,303.376,219.443,101.399,273.816,155.235,82.794
